%YAML:1.0
---
CameraExtrinsicMat: !!opencv-matrix
   rows: 4
   cols: 4
   dt: d
   data: [-0.0294907 ,  0.0141247 ,  0.999465  ,  0.0501212 , 
          -0.999543  , -0.0071187 , -0.0293924 ,  0.14540131,  
           0.00669974, -0.999875  ,  0.0143281 , -0.06539731,
                0.,  0.,  0.,  1.]
CameraMat: !!opencv-matrix
   rows: 3
   cols: 3
   dt: d
   data: [ 1.927941866078295e+03, 0., 9.595316580313911e+02,
           0.,  1.929172443177110e+03, 5.144334699977888e+02, 
           0.,  0.,                    1. ]
DistCoeff: !!opencv-matrix
   rows: 1
   cols: 5
   dt: d
   data: [  -0.2272996302077433, 0.244566784018986, 4.524726839204985e-05, -0.0008645881261561915,  -0.2066175572621939]
ImageSize: [ 1920, 1080 ]
ReprojectionError: 0
DistModel: plumb_bob
